-482.59090909090907
-249.75
-445.6111111111111
-180.0625
-407.96875
-424.1875
-508.6
-433.25
-419.5
-502.1578947368421
-430.93333333333334
-554.05
-298.14285714285717
-399.3333333333333
-245.82142857142858
-305.7857142857143
-533.9
-429.6
-351.225
-464.55
-422.1666666666667
-535.55
-528.02
-462.92857142857144
-574.2727272727273
-490.0625
-551.1666666666666
-481.8636363636364
-368.44736842105266
-379.4
-394.3076923076923
-373.6
-533.875
-367.77777777777777
-445.425
-455.5416666666667
-575.25
-327.9642857142857
-246.1
-468.8125
-508.20588235294116
-438.3695652173913
-390.3888888888889
-331.0
-478.3611111111111
-387.0
-442.5833333333333
-398.59090909090907
-345.65625
-510.96153846153845
-521.6590909090909
-518.75
-486.42
-488.42105263157896
-466.7
-348.7307692307692
-526.5
-264.72222222222223
-477.77777777777777
-530.1428571428571
-428.9583333333333
-384.0
-504.25
-420.4642857142857
-387.6666666666667
-420.0357142857143
-498.875
-333.84615384615387
-453.52941176470586
-309.5
-427.44444444444446
-409.25
-358.0
