66 N/A -12 N/A 372 N/A -347 305 558 N/A -533 915 N/A 591 156 341 747 687 -98 787 -581 N/A 6 -297 N/A -785 375 N/A 611 -576 -516 30 557 674 192 -779 314 -786 N/A 831 469 191 N/A -239 N/A -984 N/A 369
-818 -325 -187 -633 -5 739 N/A -878 365 539 N/A 417 813 691 -66 -966 N/A 886 988 -270 406 693 N/A -546 917 -65 50 -493 N/A 341 553 N/A -198 N/A -221 N/A -178 -720 N/A -153 -142 N/A -386 332 N/A -428 491
-117 779 N/A 675 -787 N/A 606 N/A -768 -60 498 -282 N/A 123 N/A -929 -313 N/A 979 -39 N/A -821 -810 -893 -580 N/A -182 769 521 N/A -362 476 468 269 -39 -196 -562 -225 -593 N/A 890 42 N/A -900 -625 497 -976 N/A 56 428 -364 N/A -686 N/A -953 668 N/A 911 -759 -295 -287 N/A 83 N/A 667 466 -254 -177 -889 N/A -25 714 266
214 438 603 N/A -680 293 331 466 484 N/A -339 -21 414 N/A 45 N/A -212 175 -317 N/A 314 412 -441 N/A -199
-728 -715 N/A 891 -431 297 -632 N/A -257 N/A -44 -383 N/A 834 -558 N/A 368 N/A -543 -258 N/A 307 -407 614 742 -994 -160 626 840 -43 -524 560 724 793 N/A 920 504 912 N/A -667 694 307 -609 N/A -447 108 N/A 3 N/A 565 -411 N/A -837 237 213
-308 -395 -811 -514 -765 -390 N/A 118 971 890 963 N/A 153 597 189 N/A 322 N/A 773 N/A -280 896 -988 -217 -593 -223 N/A -540 585 39 N/A 56 787 -638 -728 -171 N/A 670 684 N/A -375 370 -355 N/A -935 N/A 436 N/A -139 N/A 344 N/A 182 -371 -161 -884
811 896 N/A 224 -855 -86 N/A 723 -909 -540 241 N/A -935 414 986 437 N/A 531 N/A -880 -571 624 N/A 830 42 -354 920 N/A 323 435 N/A 164 190 N/A -670 N/A 55 -167 -587 160 -233 353
440 639 417 N/A -372 N/A -786 14 N/A 850 20 641 642 -893 N/A 469 555 N/A -29 668 N/A -255 -610 -568 N/A -373 664 N/A 255 104 -856 486 N/A 410 989 -288
752 -111 N/A -773 N/A -850 480 604 189 N/A -114 355 -692 -463 N/A -3 N/A -245 536 -343 N/A -673 928 N/A -116 N/A 786 -806 -34 553 -615 -299 N/A -125 253 N/A -311 -82 631 -541 N/A 30 -521 -307 N/A 984 -965 -270 524 N/A 360 -589 N/A 373 388 -298 31 772 N/A -290 959 627 N/A -160 946 848 -919 810 N/A 21 981 465 N/A -97
306 -383 -746 797 N/A -255 -32 N/A -365 -982 486 431 -375 -186 N/A -557 558 -758 931 N/A -404 -824 -647 -4 -499 N/A -680 -905 N/A -699 N/A 829 18 -149 270 -841 N/A 281 N/A -742 -933 N/A -403 504 26 10 N/A 200 -685 -306 N/A 603 N/A 905 N/A -455 438
901 N/A -800 358 712 N/A 83 -621 N/A -543 -52 -208 -217 564 N/A -840 357 187 N/A -57 -256 960 -986 544 -351 261 N/A -692 -492 -584 N/A 249 N/A 422 318 N/A 742 874 269 N/A 582 -504 316 -876 -174 N/A 887 N/A -713 761 N/A -783 233 N/A 455 N/A 216 374 N/A 249 437 -225 N/A -407 N/A 915 176 750 -973 305 -943 -237
-624 -917 N/A -45 -669 -418 N/A -175 333 -165 -969 -326 N/A -781 699 N/A -25 -180 -967 778 -918 N/A -820 -871 -803 N/A 905 -306 -501 461 N/A 216 -424 N/A -765 477 N/A -177 N/A -958 N/A -439 -687 -627 90 N/A -190 -263 -364 N/A -604 -741 N/A 355 -697 N/A 831 889 832 N/A 403 -997 -87 469
322 -982 -560 950 222 N/A 411 386 -393 N/A 46 667 N/A 231 N/A -312 N/A 456 945 -314 N/A -485 N/A -260 -798 -464 N/A 512 N/A 452 957 332 -223 245 718 -462
543 377 -275 482 853 N/A -398 N/A -816 N/A 986 324 N/A 668 607 163 933 N/A 787 896 N/A -682 324 575 N/A -253 494 -936 -882 N/A 550 27 -122 146 N/A 447 230 N/A 151 506 -768 N/A -572 -829 N/A -215 -217 592 606
464 104 -194 -97 310 871 N/A -724 538 882 N/A -59 -470 670 N/A -810 -222 898 N/A 953 22 N/A 392 N/A -113 N/A -236 323 N/A 195 301 -647 N/A 473 N/A 118 -96 N/A 729 511 -353 N/A -830 -754 N/A 115 -460 885 N/A -608 814 -640 616 N/A -364 984 -650 N/A 595 -509 N/A 512 504 943 -220 -52 -25 655 N/A -922 -305 -662 690
-65 770 N/A 594 585 355 N/A -456 N/A 490 285 -234 621 N/A -340 895 -160 N/A 339 860 N/A -170 -782 -105 -2 84 858 N/A 871 -817 N/A 232 -547 N/A 20 146 -490
176 -964 -865 19 N/A 64 -841 640 788 -113 684 N/A 105 -687 N/A 769 -504 -131 249 17 620 -450 N/A 190 283 -688 83 -908 N/A 425 573 N/A 887 N/A -507 -543 -352 N/A -823 N/A 591 N/A 65 942 N/A -16
985 N/A 204 -176 N/A -994 620 N/A -125 642 N/A 456 111 -942 972 443 600 N/A 371 945 480 -620 N/A 590 107 N/A -287 N/A 293 N/A -812 N/A 871 789 -150 -724 -949 -656 N/A -845 537 128 241 -245 -235 122 698 N/A -70 -700 -300
-405 -264 N/A 319 N/A 761 N/A 891 510 211 -215 741 -205 -111 155 -507 -171 N/A 554 517 207 N/A 147 139 N/A 602 -251 -100 N/A 69 994 -485 N/A -526 633 N/A -859 N/A -241 -844 -584 246 N/A 345 822 N/A 732 -679 -245 N/A -67 N/A -678 508 744 -175 -617 187 134 -785 N/A 645
-1000 -770 -338 -915 -309 356 -24 -381 874 932 401 N/A -966 N/A 894 -522 N/A -631 N/A 876 831 -467 891 N/A 983 -932 N/A -339 N/A 121
411 N/A -158 -724 337 -525 407 -341 N/A 419 N/A 809 N/A 788 622 -680 116 255 -66 627 -585 719 N/A 463 676 N/A -761 10 -634 N/A 77
41 N/A -937 -156 905 -620 554 778 -774 671 934 -349 N/A 293 -262 806 -336 -164 -189 -683 N/A -358 359 121 122 934 N/A 507 N/A -687 N/A -558 N/A -56 N/A -616 -753 199 N/A -814 N/A 889
418 879 352 339 N/A 258 -349 760 626 -817 -374 N/A -177 N/A -302 -91 N/A -82 -674 N/A -399 -719 -792 979 -535 N/A -588 -501 N/A 830 N/A -370 990 N/A -721 N/A -841 680 38 N/A -814 -924 -987 539 460 743 913 -466 954 N/A -362 N/A -963 -183 -278 265 40 N/A 711 N/A -140 -551 -175 N/A 155 578 -796 N/A -813 -626 N/A -446 -431
-413 -624 991 -265 647 N/A 990 566 -755 -163 674 -385 -692 23 N/A -951 -925 N/A 65 203 -697 -855 N/A 34 -32 -598 N/A 377 -513 N/A -790 626 N/A 363 N/A -451 471 -37 -400 -217 N/A 98 -503 473 N/A 452 -684 264 739 N/A -375 N/A 347 -466 769 N/A -581 N/A -226
-344 -189 -979 -733 N/A 954 244 N/A -617 107 N/A -390 -70 463 -563 N/A -884 212 143 413 N/A -232 N/A -981 710 316 N/A 179 132 82 -597
382 700 -552 N/A 562 N/A 982 483 N/A 478 -218 711 N/A 738 N/A -169 -255 -711 -897 808 N/A -471 334 N/A 517 -418 166 50 405 448 825 N/A 434 311 -507 329 N/A -800 223 N/A 537 892 N/A -675 483
-713 -834 N/A 329 N/A -489 194 66 -610 -600 N/A 590 758 604 N/A -941 281 -110 221 N/A 225 N/A 830 -463 517 649 N/A -977 226 N/A -594 -689 N/A -739 -302 N/A 995 797 -265 761 -868 N/A -651 -552 N/A -448 -903 N/A -20 -153 810 800 -223 N/A -734 984 -885 -575 -940 -958 -114 N/A -98 N/A 99 989 N/A -783
849 -599 -782 N/A 276 660 -110 N/A 714 736 N/A 302 -342 -374 772 N/A -470 -703 912 823 N/A 783 N/A -558 205 N/A 287 N/A 609 707 -269 571 923 N/A 121 253 70 -216 675 N/A 631 N/A 76 N/A -553 -969 N/A 510 -158 -512 N/A 143 N/A 670 497 -296 -533 -769 -322 569 550 197
-253 -967 -343 -177 -613 N/A 626 N/A -638 345 730 64 -273 N/A 271 -601 N/A -307 N/A 20 -700 361 -721 317 260 N/A 748 292 -552 -126 -879 -894 N/A -638 302 N/A -226 454 N/A -332 -241 N/A 451 N/A 968 -96 35 -574 589 -653 N/A 400 N/A -842 95 N/A -612 407 N/A -19 792 -203 16
-876 -273 -822 N/A 488 404 -239 N/A 185 67 801 -979 -497 458 445 N/A 417 700 654 -230 N/A 708 N/A 652 N/A -160 N/A 278 898 496 -591 855 316 N/A -344 N/A 543 N/A -911 488 -97 -13
35 379 390 -680 -632 N/A -306 N/A 394 -587 -668 624 192 -835 -91 31 N/A -807 N/A 813 N/A -15 -621 522 N/A 349 -646 -995 -484 N/A 125 N/A 956 -402 679 N/A 928 218 N/A -228 102 N/A -632 128 -460 845 583 -241 N/A 210
473 -591 N/A 768 956 N/A 872 N/A -354 N/A -7 822 472 626 -522 N/A 672 N/A -831 230 -921 -153 N/A -73 -484 -264 N/A -720 -36 762 -787 -10 880 -50 N/A 386 -784
-242 -28 N/A 939 406 -2 574 795 770 N/A -415 365 910 N/A -804 N/A 868 -568 780 162 N/A 232 N/A -885 404 -509 N/A 397 584 -778
832 N/A -487 N/A 208 363 564 N/A -293 862 N/A 165 495 -912 N/A -164 171 302 629 955 780 N/A 523 -618 N/A -702 N/A 584 432 818 544 -985 N/A 2 N/A -242 -267 -505 -83 543
546 N/A 222 N/A 203 212 -806 34 -693 -13 N/A 125 -979 -206 -150 600 N/A 304 -770 -750 -982 317 -540 -115 16 N/A 577 427 -728 N/A -839 -652 N/A 23 N/A -595 N/A -106 670 151 -896 -171 -287 N/A 94 381 N/A 46 N/A 196 N/A 635 -823 -187 -207 445 -802 -677 N/A 871 414 N/A -109 N/A -717 N/A -360 -326 642
-558 N/A -333 N/A -603 N/A 92 N/A 215 N/A 256 -826 N/A 462 -96 -626 N/A 786 -989 N/A 480 997 -593 -452 110 -214 411 889 -251 N/A -972 -294 -834 31 -513 N/A -420 -150 111 369 993 316 N/A -151 -832
-725 866 N/A 334 N/A -54 436 -538 -554 N/A 852 N/A -228 -504 35 -528 N/A -669 -490 600 N/A -349 932 10 -976 722 N/A -14 N/A -898 N/A -134 842 133 -678 -819 360 -862 N/A -742 -291
-312 25 -504 -790 -329 N/A -43 N/A -427 -866 227 N/A -592 -974 N/A -431 249 482 695 -474 -468 N/A -538 -639 -862 -932 -986 -121 163 588 N/A -658 N/A -704 N/A 405 700 N/A -926
399 N/A -248 -586 -35 N/A 464 -757 145 N/A -154 N/A -207 729 -145 -623 403 -612 174 N/A -207 950 N/A -102 N/A 35 481 592 399 N/A -293 -155 684 N/A 823 -293 -54 -73 -58 N/A 596 -834 N/A 449 -487 -686 -392 -489 N/A 247 N/A -860 447 -303 663
-56 280 -999 -773 N/A -573 417 N/A -397 336 N/A -757 205 -187 N/A -75 905 215 N/A 199 N/A -77 -68 N/A 763 503 406 31 N/A -390 -192 60 -546 -826 N/A 479 -838 N/A -833 N/A -627 314 602 40 -166 484 N/A -176 -612
670 712 N/A -931 -321 422 N/A 982 N/A 640 N/A -208 688 N/A 354 700 -134 402 548 N/A 629 N/A -508 122 142 570 -647 -762 N/A 121 -433 -713 -954 N/A 34 -570 -847 226 N/A -699 -737 -683 484 N/A -537 344 N/A 319 -373 N/A -168 -755 878 -464 719
-549 -765 75 N/A -335 181 N/A 780 N/A 134 -187 320 -915 N/A -869 561 N/A -12 N/A 78 -256 N/A 964 N/A 844 468 -764 -503 N/A 73 255 616 963 767 14 -779 N/A -904 N/A 586 -953 -126 N/A -133 -746 N/A 277 -286 26 -273 -674 -518 224 -775 961 324 678 N/A -835 N/A 318 -153 -130 -440 N/A 305 604 -190 N/A 41
-399 N/A -186 78 239 N/A -417 296 N/A 194 223 710 -208 -536 -684 187 969 709 N/A 807 N/A -323 -67 -288 370 979 -839 -225 N/A -592 277 671 N/A 286 N/A -661 992 692 -966 -73 -542 552 N/A -381 N/A -704 N/A -423 N/A 26 N/A 914 -240 -937 N/A 974 52 296 N/A 376 332 51 987
408 N/A 34 937 -184 -400 905 611 N/A 282 31 380 799 N/A 708 194 633 732 528 877 -833 874 N/A 648 460 734 816 N/A 812 -282 388 N/A -129 242 N/A 131 -646 N/A 802 N/A 652 768 N/A 707 N/A -31 225 N/A 206 -916 N/A -64 841 965 442
508 N/A 819 N/A 413 439 N/A 204 -504 N/A -732 N/A -686 250 -515 N/A 60 188 -909 72 -566 N/A -831 684 636 -115 -635 763 577 541 N/A -358 N/A 769 -998 514 N/A -233 26 115 N/A -366 640 -973 N/A 247 747 -487 -538 -457 N/A -152 322 N/A -465 -44 64 -491 -846 694 N/A -224
729 -76 -116 N/A -288 -297 -901 -771 N/A 395 N/A 711 963 573 616 -79 N/A 66 -115 -700 N/A 841 N/A -910 410 -183 -830 N/A 475 601 N/A -397 -671 -811 N/A 304 N/A 921 -206 243 -721
115 N/A -80 N/A -768 793 434 -622 N/A -627 N/A -107 519 N/A -175 -770 580 N/A 600 N/A -41 N/A 57 N/A 217 -247 -509 -420 -514 N/A -912 -234 -353 N/A 926 -505 845 -979 N/A 476 -63 N/A 775 -431 -52 875 -333 -878 N/A -801 -202 767 921 980 -56 -654 42 N/A -814 N/A -722 745 882 623 845 N/A -672 283 169
-685 -745 N/A 496 -251 851 -79 N/A -606 522 -139 N/A -192 -435 N/A 735 206 548 788 401 N/A 475 -893 N/A 653 908 -525
-306 -858 N/A 827 -820 772 N/A 251 -443 990 300 127 N/A -297 97 -514 N/A 632 N/A -234 706 666 N/A 142 136 345 900 -783 N/A -24 -217 -666 N/A -27 482 N/A -428 566 N/A -249 793 N/A 548 N/A 518 -919 -104 -914 83 -713 -131 N/A -104 401 -886 N/A -227 844
-49 544 -25 N/A -808 N/A 352 -441 -401 -979 70 -169 N/A 161 981 301 -624 N/A -911 45 N/A -882 -999 N/A 603 -925 433 N/A -141
-100 N/A -711 N/A 886 -544 827 -509 N/A 51 -226 247 -795 -119 N/A -260 -725 N/A -918 492 N/A -35 N/A -344 N/A -867 528 376 925 N/A -552 N/A -377 -887 -687 -631 -180 -44 -748 N/A -63 254 933 653 447 465 N/A -789 -971 -828
-974 -85 N/A -839 N/A 229 445 N/A 648 256 327 -628 N/A 163 -606 -661 41 N/A 521 -861 430 N/A -204 -865 37 720 N/A -329 41 N/A 88 N/A 459 445 -876 -620 N/A -954 319 85 401 -8 831 -764 576 N/A 905 N/A -623 939 N/A -551 944 N/A -323 N/A -228 -934 N/A -484 N/A -285 -90 -321 -770 -894 -656 704 N/A 908 163 -834 -901
-875 584 N/A 619 -271 N/A 722 -80 -288 -743 665 N/A -525 -315 N/A 352 -735 232 -62 784 520 782 -785 -690 N/A 338 N/A -237 145 N/A -520 -40 N/A -11 N/A 764 -702 N/A -736 -455 -298 -488 -806 N/A 969 964 N/A 20 -31 -219 -953 N/A -643 467 -970 546 -921 N/A -385 510 N/A -935 528 447 210 N/A -765 N/A 202
730 618 N/A 637 362 851 -132 215 153 N/A 655 N/A -837 -59 608 -575 -866 N/A 753 -70 921 N/A 332 -644 -751 N/A 313 N/A -699 N/A -423 929 886 -257 -960 772 435 -494 N/A -118 -209 -843 N/A -743 921 442 N/A 990 152 N/A -832 -136 186 -923 N/A -706 257 N/A 21 -58 N/A 582 N/A -233
-894 N/A -393 N/A -230 N/A -843 405 -966 268 696 194 -618 -793 217 558 N/A -934 384 N/A -428 N/A -620 N/A -672 -580 429 984 N/A 366 -663 -555 -79 N/A -493 -810 N/A 427 N/A 538 N/A 788 461 N/A 348 -22 422 -378 826 835 631 N/A 788 565 -603 N/A 372 N/A -335 391 -445 -158 166 N/A 813 -952 192 -210
644 N/A -218 791 -126 -375 598 -660 -785 -824 N/A 443 895 N/A -943 -13 658 N/A -986 660 N/A 993 354 N/A -41 N/A -578 -230 232 -196 N/A -287 222 62 844 -905 N/A 828 262 N/A 813 N/A 443 N/A 894 825 548 922 -381 -606 -632 N/A 585
-963 -54 119 -623 N/A -381 N/A -560 N/A 624 N/A 857 N/A -297 -473 N/A 233 -781 732 -688 N/A -664 -93 -836 -354 611 208 N/A 498 -907 -497 -544 N/A -735 N/A -38 N/A -404 -325 539 -299 -830 -859 549
-55 N/A 107 949 -111 -347 N/A 280 -814 N/A 820 N/A -62 456 653 294 N/A -799 851 N/A 521 -18 651 518 N/A -225 -70 22 -466 N/A 605 -158 -770 -528 N/A -197
815 N/A 933 -807 N/A 508 -849 N/A 183 -749 271 -247 248 508 741 N/A -195 177 -382 974 607 -23 711 -257 -991 N/A 221 N/A 972 604 -826 N/A -884 -150 N/A 968 -233 N/A -895 -453 N/A 835 N/A 210 N/A -735 287 -181
496 978 -730 -287 N/A -543 890 N/A -545 N/A 391 919 N/A 883 461 N/A -440 478 N/A -723 902 990 N/A 726 502 -921 772 32 900 -849 -899 -46 351 940 N/A 870 114 188 -244 -475 N/A -861 N/A -534 422 N/A -436
855 N/A 955 -530 N/A -428 -670 N/A 895 N/A -952 -247 -438 -432 48 350 889 551 N/A -935 N/A 965 683 N/A -109 N/A 656 -860 -886 N/A -384 -740 -348 -684 -736 N/A -208 568 -619 616 818 -151 86 425 N/A -152 -359 N/A -913 -370 -237 N/A 97 -435 729
-625 666 N/A 574 320 -16 N/A 673 302 836 -537 -387 -60 -364 -598 542 N/A -552 376 -609 545 N/A 976 423 N/A -696 N/A -818 N/A 787 766 838 -744 N/A -844 N/A 324 748 472
723 -462 N/A 850 -884 872 N/A -735 N/A 910 874 633 -854 N/A 151 -789 -784 -82 N/A -659 -419 360 -227 N/A 243 -732 509 324 N/A 892 N/A 585 -170 -484 924 437 -436 N/A -530
37 N/A -406 -346 N/A 313 -989 N/A 708 -620 -641 -582 N/A -204 -420 -533 -240 861 N/A -194 -81 417 -270 -875 N/A -53 745 N/A -441 N/A -968 536 N/A -735 24 472
523 N/A 633 -766 122 -375 414 279 N/A 25 N/A 279 385 984 -121 N/A 783 417 -667 -292 554 N/A -586 N/A 675 126 923 8 795 580 N/A 265 N/A 417 N/A 447 120 303
-702 519 697 -643 N/A 918 -43 -847 972 -547 N/A 353 -632 -130 N/A -619 -674 -986 -413 N/A -920 N/A -206 -51 N/A 839 313 N/A 59 -233 N/A -332 -501 -644 N/A 791 119 -244
140 -680 154 607 754 N/A 307 -472 919 850 794 -790 -231 N/A 311 N/A 160 -461 959 538 N/A 754 N/A 626 160 -719 N/A -450 N/A 670
-226 870 -129 769 481 -287 N/A -163 -222 -406 467 -66 N/A -493 -423 741 N/A 995 112 26 556 N/A -924 -868 N/A -382 795 -645 N/A 311 -924 N/A -616 N/A -832 -177 708 -690 N/A 138 58 N/A 583 -322 N/A -377
555 N/A 790 -963 -219 407 335 769 759 N/A -826 680 148 218 547 N/A -144 -597 N/A 703 886 N/A 281 N/A -172 209 740 283 505 176 N/A 382 N/A 186 N/A -935 -110 -909 -459 -74 N/A 727 492 -837 775 N/A 942 115 N/A 928 271 -210 N/A -79 514 N/A 616 N/A 773 N/A -890 -515 N/A 25 535 -29 -735 -577 -764
863 -925 N/A 989 -684 331 761 555 N/A 464 N/A -602 N/A 972 N/A -686 606 -232 -403 19 -800 N/A 487 972 -652 N/A 142 -752 -189 -649 N/A 336 384 N/A -167 N/A 109 N/A 519 648 434 625 N/A -651 876 822 -101 655 89 45 519 -88 N/A -824 N/A -314 -644 -792
-567 N/A 704 -469 -824 N/A 787 453 -419 143 -337 -955 -560 165 97 -297 N/A 193 N/A -186 -138 N/A 504 N/A -691 786 -44
980 N/A -304 -554 N/A 316 -780 970 -223 125 -353 643 -170 N/A -43 48 -636 -645 N/A -940 976 N/A 131 0 883 N/A -824 N/A -270 355 N/A -623 703 -420 N/A -640 N/A 381 158 N/A -822 -311 N/A 891 N/A 629 -495 N/A -537 N/A -110 -146 -828 -646 757 -325 -224 -895 115 -900 -747 801 394 589 154 455 N/A -758 N/A -930
-658 -813 N/A 384 -696 N/A -593 -444 N/A 707 992 N/A -852 N/A 464 400 -213 124 N/A 909 -23 -314 N/A -255 -23 896 -479 -922 N/A 615 405 -496 761 -54 -922 N/A 47 N/A -800 193 N/A 747 -736 799 -803 -344 -57