869 465 -166 291 866 -735 341 -53 275 379 -736 -894 479 940 -326 663 63 -867 6 -506 492 -963 -435 -159 -938 98 628 890 268 -271 -819 -777 741 -704 -68 -309 -996 442 982 795 746 397 159 -734 528 956 -426 693 490 806 152 828 90 -104 696 -83 149 -702 889 429 -89 10 -524 -757 218 -561 -918 -828 585 -406 -962 426 -240 544 -208
214 621 252 641 -899 655 105 -558 631 -799 -935 710 330 220 466 -200 454 20 447 869 670 -653 705 590 -610 785 -253 -490 353 575 913 850
-82 496 84 907 47 -617 627 -687 -327 -512 -74 794 -342 419 -220 -739 694 -734 104 -582 652 -144 -789 -557 -797 878 -303 242 -113 650 -429 -867 106 601 38 102 278 560 996 -31 -249 -32 281 -330 -889 511 -855 707 899 461 -963 -503 -904 831 736 -200 -459 301 336
829 -632 -713 772 378 -524 -26 202 -167 875 965 -203 771 628 90 -932 -985 -106 561 474 -549 421 654 -90 -434
-319 650 -301 53 180 719 441 -943 650 -675 -79 -101 30 -402 553 -71 -831 -106 -485 -577 -454 199 487 87 974 917 -616 -219 -692 508 -727 -724 -410 910 385 648 -642 -901 -796 963 -244 -714 83 -874 764 96 -71 -366 131 -320 689 297 -920 713 -691 -452 -551 -906 65 -535 767 -756 -810 -623 -238 -10 135
943 -179 134 922 938 47 359 211 924 641 -584 -358 -944 153 -984 -494 142 -772 -298 -11 622 428 858 -728 883
22 369 639 -833 -461 -61 -251 790 348 -472 687 716 -147 -253 934 -123 -852 806 277 -259 -272 -135 355 456 461 -61 275 -973 -214 -678 6 806 76 -774 537 -711 -172 947 -273 909 -452 365 746 -30 631 798 695 773 -868 -376 634
-318 -659 513 416 -785 70 673 682 -828 -484 -498 -93 -120 -71 -340 111 -675 956 -405 517 -59 -37 645 -735 711 -462 994 452 -665 636 627 823 -610 670 396 166 152 -1000 881 -717 454 439 -821 635 -296 500 344 -558 -337 215 315 -696 197 -413 -329 -866 239 372 512 -199 -782 653 164 503 270 885 274 -926 74 -177 -470 -733
166 970 781 -10 491 -761 -700 637 786 591 -503 -721 61 -280 431 553 -935 -47 15 486 118 -851 -415 505 -871 37 963 453 783 -180 465 -596 -119 548 348 -444 423 -202 -232 482 748 -328 -436 -243 -349 297 29
-374 771 -793 -865 762 463 -306 -916 3 -982 660 -575 254 148 937 -939 578 572 563 822 -60 332 -789 -552 387 399 289 126 -483 -172 632 -397 437 -221 407 309 218 115 -836 807 445 660 -695 -41 105 -537 -917 -723 -46 -894 868 -274 486 -663 -604 -616 105 681 390 -497 546 -374 982 -858 -219
-871 98 876 -27 -938 -590 749 -489 705 239 15 596 -400 -702 533 -404 692 -442 355 672 260 -318 667 568 402 -663 257 759 31 -455 -865 81
-878 507 -436 -243 -183 -856 -840 -902 402 364 890 -187 -455 -824 -646 818 485 -178 -559 -674 -715 -814 -488 708 -974 89 344 -919 -349 958 562 -758 -464 -346 202 822 -165 310 553 671 -808 902 5 422 -587 97 200 -167
-261 -894 -379 -588 420 268 -258 116 -826 -254 633 -582 413 -557 -504 -989 -645 -17 104 -701 -982 -730 456 -283 -58 298 843 786 -268 96 -64 -77 -822 -935 -407 -97 -558 711 -675 106 -704 -370 -387 -530 -136 -17 436 590 505 361
-205 -748 -153 -540 662 -64 -776 -733 -449 -259 744 616 -409 368 -887 -60 -744 622 439 252 250 447 -310 754 -889 -239
-797 345 501 100 -995 622 259 -507 617 -619 654 915 743 -250 121 233 -125 139 -880 -411 121 -624 533 866 768 -77 952 980 853 -588 -590 -117 -504 -229 188 754 -558 -830 -403 -340 170 199 -868 390 211 -925 -103 -87 -683 -859 178 -557 -736 752 543 904 -562 700 -650 -630 -689 -454 -236 577 342 505 258 441 -802 707
32 -980 637 -204 -107 905 -747 -264 343 -432 -746 983 -973 -147 -308 806 928 875 391 962 -620 -43 -626 108 -737 21 -628
985 926 69 -54 -306 558 439 -994 486 -730 -416 -542 850 24 354 88 532 -169 -70 -281 -618 715 -361 -242 -339 -38 -501 40 907 -918 525 950 16 -910 764 -538 990 847 994 -643 -346 -738 -462 -957 968 751 -389 0 506 -337 -973 -569 563 -938 -558 926 525 -966 -270 823 769 379 -95 81 -870 554 834 -843 -244 747 -887 -407 74 -863
872 687 -859 473 -643 -360 685 356 477 62 470 209 671 -371 -211 850 -138 -620 976 -612 746 84 -202 -999 -743 552 998 -834 -583 66 -844
-882 -134 -164 944 -223 917 -48 332 704 54 -308 -385 -156 50 -30 127 48 647 450 -53 993 -267 722 -668 873 477 -87 -824 575 -857 85 32 -870 526 -863 415 230 -252 44 441 -589 -967 304 -725 -811 -94 -259 -81 253 -190 991 -309 -635 -509 -186 38 -265 857 -857 -229 213 -877 786 -50 727 -338 -368 -588 829 -356 -192
323 -777 -824 -176 -281 393 -861 366 822 -442 236 -410 -250 -18 -8 10 -44 -165 -570 925 -890 294 -501 -230 258 323 820 -532 28 -615 -797 -841 -525 -62 807 16 -453 590 -284 230 593 -108 747 548 -480 841 354 -756 170 -31 532 -963 -137 846 -24 975 -758 27 -971
47 586 -712 -570 -754 -646 351 -360 484 -396 -297 -737 -140 -38 663 212 244 -479 -11 717 269 -330 -976 756 -981 411
388 500 -929 733 798 -40 -941 325 -138 -231 495 756 -858 677 -217 585 744 116 -152 -494 -307 184 -124 -442 83 401 -85 203 -822 44
410 471 838 109 714 79 461 -224 679 -163 -476 613 884 771 -808 327 -22 799 765 503 -146 513 231 -818 93 428 -214 -61 574 91 54 333 879 305 530 -470 767 681 -788 -818 -73 668 215 479 978 866 139 -816 -697 -770 -183 -313 -885 -447 357 -171
291 270 573 -264 -320 -669 726 809 -362 -649 620 -108 -877 168 -329 84 176 -785 -699 -3 -336 -510 276 -524 -576 910 -59 395 -271 730 -542 749 -785 -920 468 -931 540 -534 70 632 246
-671 -610 487 -595 -651 -820 649 -516 45 318 35 -220 -501 -90 -191 218 -152 184 -322 580 887 41 883 15 -534 947 97 -686 -702 -421 -801 -335 775 298 391 -969
83 -41 -212 -673 456 411 -618 698 -433 934 -635 -704 -304 -876 -675 -207 598 -546 184 -866 -785 278 78 864 237 -468 286 185 -767 166 -326 695 -951 868 686 -787 605 -144 -502 529 -144
-525 -218 755 -746 -214 342 -778 348 -870 18 -373 388 -199 896 662 -939 -954 -506 918 891 561 -787 -230 18 481 102 -497 -411 -865 -586 -44 -408 581 78 -634 -329 592 990 636 -328 480 -778 -831 -258 467 572 -322 -468 843 124 312 -132 623 438 -143 460 -797 697 -966 -43 -176 -753 612 -383 -225 -674 -870 -309 -701 -41 625 156 -109
550 498 946 -342 615 -425 494 -603 -42 416 119 623 -89 -415 629 929 -985 168 803 -528 315 950 -636 369 -29 236 910 769 130 -495 -873 754 760 202 -663 -144 147 -97
870 -338 -557 -538 -136 754 2 -21 -868 -953 -272 -701 696 749 -198 231 -948 251 336 485 395 -461 328 -568 786 444 -688 -900 -475 -564 -426 -591 -62 -268 333 502 917 570 -23 882 362 388 367 926 497 -906 -681 -547 -433 241 861 -793 31 278 238 -368
596 870 -804 77 -228 736 510 668 -937 -133 207 146 -197 -377 533 203 -156 243 -770 408 958 258 469 -337 844 369 -582 406 -845 987 306 899 643 477 928 -155 422 91 726 -47 386 920 845 337 -829 842 635 -915 -513 -620 -246 -902 -221 -470 -996 -131 -26 -829 -942 891 605 958 -501 346
931 997 -80 281 -323 -747 -7 825 795 -442 89 669 -144 318 481 683 380 -27 679 -643 -781 14 -883 421 66 409 -935 590 -400 206 -579
-77 -690 94 -966 -246 405 -53 108 -795 591 -444 47 263 160 -494 500 -730 705 -703 -329 381 -15 -520 253 87 736 817 -392 -889 -92 -774 -264 -505 805 -849 679 -790 -899 976 283 -472 -917 -85 152 797 252 -629 -226 -192
722 -587 314 -827 530 -860 -155 -65 518 -905 658 191 973 600 -25 219 -492 796 -563 -262 -258 -33 -354 302 865 56 196 -169 -229
719 -379 -17 -170 -56 -871 710 36 762 483 -675 -589 -282 -497 17 940 464 -390 3 461 -11 -923 -404 -686 -898 210 -3 193 -558 -396 504 914 -347 505 610 325 -795 -23 305 378 -580 770 512 977 -770 -607 412 -637 -491 -20 -873 672 477 592 671 905 -917 -232 -573 -748 -2 40 -329 -946 513 843 837 25 969 -380 -981
311 -263 -228 -612 181 -48 -771 -467 263 905 -623 615 840 -283 -744 743 278 -637 694 589 997 -17 591 434 539 -1000 -863 -991 596 979 -582 -900 873 462 -278 609 -216 798 70 333 90 506 460 547 -713 -47 -179 -285 -199 -735 -705 985 -572 -32 -693 -928 -14 350 161 -185 -565
-924 29 800 661 797 -331 -947 -404 -585 -421 586 333 -338 -59 935 -693 -887 944 -847 -599 6 -355 659 768 573 -114 -673 311 295 763 -30 520 -376 25 -666 -643 43 295 -354 -905 663 398 402 626 95 -709 -207 38 -583 586 -638 489 583 -37 -407 500 -222 361 719 134 350 -422 -168 -555 793 -876 -837 960 785
-615 -435 -211 -122 259 53 -644 -163 447 -516 -248 880 -581 957 893 -502 -887 600 -755 -73 146 895 744 -417 313 899 14 404 -209 401 -491 993 -392 383 -287 683 -922 -850 -996 320 -266 649 -156 628 0 293 -791 -758 -830
-145 -483 -981 255 119 -530 -102 -719 216 -535 -478 720 718 399 -251 737 361 -454 342 -839 677 864 -44 -864 -338 -670 33 -55 880 -678 -688 -678 -504 317 -315 -741 -70 757 -38 683 565 359 -515 506 5 -841 -720 442 43 401 38 -522 -796 541 352 31 -902 -439
-629 -158 -91 232 924 -886 567 -970 740 -684 249 -177 -635 934 -106 -368 -391 -152 -711 807 433 314 948 976 -1000 327 -186 214 442 633 306 -828 267 964 -444 -51 931 -898 -10 -843 826 -399 627 942 -258 259 174 219 217 203
-931 -310 -632 -804 245 -951 76 -520 -773 118 941 915 444 368 -244 207 -284 -43 -824 -772 415 466 -574 -221 -988 -584 19 213 374 185 440 -76 -415 -444 -966 372 -208 446 -413 -849 -495 -729 -210 -784 -320 822 -553 -918 -984 841 -852 -919 59 -932
-747 349 -972 -139 857 5 380 354 191 -876 254 -885 -415 -247 -15 628 -706 295 793 -832 -912 -832 975 908 691 -508 -908 -537 602 -349 -830 -221 270 -252 56 971 377 -938 618
763 -623 -413 807 -394 -987 -288 534 274 -576 124 157 -592 601 -394 -434 235 -834 -448 -98 -718 432 -48 -140 251 -377 -859 15 -94 -504 -275 623 -52 947 -20 294 369 -852 -303 -451 810 -184 -328 -465 739 692 -150 378 790 -709 643 -491 -767 -273 -958 -453 739 338 336 -675 52 346 -429 732 455 -293 191
-930 -287 -168 -611 -920 651 -663 -839 753 302 43 -455 -315 -139 778 670 -754 598 404 -44 744 -370 -444 -3 893 71 -505 -198 -104 752 -584 -205 461 643 -211 -739 12 -995 -643 -118 546 -507 243 546 -161 628 643 288 809 -516 578 316 -962 -457 -376 -527 43 455 -910 -764 -527
-359 -437 290 252 368 -208 681 698 -20 623 492 -451 -794 -520 831 572 392 -60 -8 -978 -517 -549 -7 244 874 -776 -527
-301 -129 894 144 -826 482 89 200 260 720 -306 749 943 792 105 298 -671 -625 -273 -669 430 -200 -868 239 955 250 628 878 -231 205 704
887 529 886 -818 707 -270 175 -762 -869 -767 -636 277 816 -265 -988 -166 411 -591 240 -362 -132 -81 -448 -738 158 -922 924 -827 -387 -325 -676 310 -289 544 -647 565 -661 -41 -623 629 -166 658 -301 793 -281 960 -554 959 965 329 453 517 278 321 894 586 -740 -55 -360 766 460 -612 -880 876 -862 796 -825 376 -560 -429 361 -895 256 -63
555 -980 -739 119 -796 -852 572 416 190 142 -393 -962 -610 389 -434 812 168 -640 430 977 -846 -426 -249 -286 963 381 -81 581 -813 737 -640 216 581 -511 -821 603 -109 -560 972 -770 977
-838 77 -995 531 227 147 727 -578 -370 -528 -489 -308 -327 76 980 142 -488 337 823 -282 403 -716 -935 -69 990 347 -125 -806 139 -868 263 723 753 762 58 333 -27 -173 -526 664 -741 41 -937 233 -474 -386 178 325 -203 430 -383 -348 182 -955 875 -929 919 -761 526 -286 534 671 247
184 -272 719 -560 168 -537 817 -767 -506 986 -221 -459 5 -145 -384 851 211 -127 681 -578 -168 351 -603 378 -249 -946 -110 841
274 -380 689 -897 959 -339 227 509 -600 -981 -151 699 -480 -735 167 121 597 -610 184 563 -350 -131 -534 -717 766 -217 -306 -693 -241 781 637 207 -532 941 -146 -63 -374 460 -407 -460
760 938 -986 -197 667 -971 -331 -264 -730 -664 -709 370 -893 443 -216 437 -923 -428 -330 953 -519 849 -238 -466 18 292 75 -638 95 -108 -785 -876 -583 -985 -48 568 -109 347 371 291 -247 497 639 -677 653 80 12 -540 114 -497 593 -665 903 -840 34 -886 -498 -328 -764 -576 522 656
-379 -398 -296 1 739 305 -262 570 380 -505 109 -61 457 642 -313 942 226 -229 -334 -686 -481 419 -32 84 529 784 859 75 -265 274 309 280 -267 -409 369 41 111 228 -692 -771 725 725 642 -446 -890 146 623 667 862 -538 -144 867 -843 188 -549 1 607 -349 417 -742 290 643 436 584 4 54 852 -616 -792 100 -964
917 -358 550 218 46 914 826 -759 -598 -408 920 995 434 -387 743 856 -163 574 479 -54 -726 -208 692 -618 204 -892 16 795 -904 -388 90 -560 755 -754 -932 162 513 -804 910 536 -3 729 -639 603 -335 842 309 441 206 860 -267 726 -175 -238 -925
-640 -794 791 543 -933 -494 -75 627 768 416 -684 178 -595 -110 -391 -664 89 -405 418 -929 -550 114 -205 -300 202 -300 -613 -456 68 -837 -219 -172 87 -539 416 134 387 253 938 -876 497 -542 -903 -442 -366 -417 -709 875 382 888 794 901 -756 384 209 -146 903 -986 336 -607 -904 -198 728 -769 -392 -172 210 -765 -172 625 847 -88 -527
-81 -383 -469 318 748 -229 675 498 -610 -974 286 -198 273 704 677 -532 -607 139 134 -689 -922 -369 -195 -257 -627 257 486 -326 263
-522 255 -72 -502 611 -38 747 612 549 931 224 -717 -741 628 276 -309 -975 -596 -989 879 465 -714 -553 25 -683 550 -328 772 -63 -769 -778 -5 -70 -940 -755 478 335 930 819 250 -119 -715 242 530 -371 -399 410 699 64 786 -997 773 15 -104 763 -964 -581 67 779 335 -742 434 23 237 39 103 -566 -868 -275 670
-493 -39 65 89 -590 -41 539 -686 -887 -494 -101 150 124 -269 -885 -593 -454 -308 246 -967 105 -368 78 -861 -307 480 -824 239 991 -267 44 -598 494 -249 -700 -56 -892 -996 100 -789 -657 235 965 224 -360 -723 -401 296 552 -736 -661 806 624 390 -15 65 -629 -455 -133 -274 967 178 -867 -507 -613 849 -461
-956 -3 130 -893 -301 702 875 -326 -251 -305 -418 -617 911 69 205 -506 487 547 103 -518 379 887 929 212 -176 -390 172
-997 -629 224 914 224 637 -800 815 532 65 -319 -525 335 -500 415 -931 -530 -969 927 -758 123 907 -83 -655 -101 -868 508 -138 18 -341 -306 546 -110 -648 513 590 183 -714 158 543 -201 -640 373 -453 47 -251 -357 628 26 328 718 -52 -433 984
-448 360 -555 716 968 219 4 -902 444 -353 -94 -167 208 207 -601 295 -94 -73 609 -295 435 405 -882 785 -241 -355 -427 53 -825 -69 -489 -976 729 211 -504 -1 -650 -159 -481 935 -689 241 -333 -882 -627 -410 -950 987 -598 -648
-440 803 72 957 334 -235 -324 -727 -359 811 624 659 158 316 -823 121 -309 -57 396 355 271 217 311 786 530 -891 -921 954 -30 292 -112 -405 -611 916 291 -472 319 469 625 -404 -260 -51 -555 -677 -197 741 -26
20 -457 -741 -144 60 -481 -217 -880 372 -574 205 459 176 474 247 475 -171 619 257 -516 434 -676 -686 626 524 -245 -903 901 716 -820 545 -128 -681 291 797 -71 932 575 48 -513 120 187 765 -411 962 -409 -754 950 15 580 728 416 -498 -51 -127 570 -598 -80 -706 -616 485 432 -998
147 -700 -458 -74 446 495 345 -500 -312 100 336 172 -260 -768 702 781 -167 -247 -797 -768 -488 -175 212 885 -350 897 449 -168 397 -764 -717 447 -241 -300 -1 -346 127 -847 245 553 -726 853 53 -462 321 -790 757 833 -32 984 908 -165 479 -277 556 -455 498 741 -425 -752 869 515 -777